# NPs NSTEPS comp
1000 16385 6.448736
100 8193 0.115112
100 1048577 7.626641
100 65537 0.736342
100 65537 0.623268
100 2049 0.027374
10 262145 0.374762
10 262145 0.362788
100 16385 0.272858
100 257 0.007921
1000 131073 50.851023
10 524289 0.786077
100 16777217 274.371129
10 16385 0.021466
10 4097 0.005762
10 8388609 24.886860
100 262145 2.749163
100 8193 0.074404
10 16385 0.033380
10 4097 0.005481
100 16385 0.266888
10 4097 0.022464
1000 16385 7.476276
10 129 0.000292
10 1025 0.002160
10 262145 0.335475
10 1048577 1.280781
10000 1048577 31484.059691
100 4097 0.066502
100 131073 0.968725
100 262145 4.312540
1000 16777217 7466.675358
10 8388609 7.995995
1000 2097153 774.198174
100 1048577 10.982887
100 2097153 23.163166
100 1025 0.013326
100 524289 5.195065
10 524289 1.048695
10 1048577 1.459654
10 32769 0.034334
100 16385 0.138670
10 524289 0.667334
100 524289 5.417592
10 4097 0.008285
100 4097 0.066947
10 4194305 8.432906
10 8193 0.011912
10 16777217 25.779449
100 16385 0.187133
100 262145 2.501772
100 129 0.003965
10 129 0.000167
100 16385 0.264086
10 8193 0.016649
100 16385 0.228069
100 16385 0.215659
10 1025 0.002147
10 1048577 1.417746
10 2097153 2.654432
100 257 0.004326
10 4097 0.005814
1000 1048577 341.591208
100 4097 0.066495
100 524289 8.640860
100 1025 0.016259
10000 32769 1826.796915
10 16777217 16.765239
10 1048577 1.353308
10 262145 0.425322
100 524289 8.426065
100 1048577 16.854715
10 4097 0.009070
10000 131073 4797.404445
10 16385 0.033136
10 2097153 2.969378
10 1048577 2.111697
10 1025 0.004159
10 8193 0.016720
100 16385 0.165066
10000 131073 6077.503419
10000 16385 815.904005
1000 8388609 3699.125041
1000 65537 21.711093
100 262145 4.219185
10000 16385 523.482944
10 8193 0.011241
100 1025 0.013856
100 16385 0.267805
100 524289 5.032439
100 1048577 10.316055
100 131073 2.114679
1000 131073 46.098817
1000 8193 3.065011
100 524289 5.043582
10000 1048577 31353.177551
10 4097 0.007514
100 1048577 16.866023
1000 1048577 504.302856
100 32769 0.364865
100 2097153 33.782224
10 1048577 1.472018
100 32769 0.530227
1000 131073 44.875744
1000 65537 28.925556
100 4097 0.066583
100 1025 0.016743
100 4097 0.047518
10 1048577 0.988971
100 16385 0.175353
100 524289 5.467198
10000 8193 242.477915
1000 131073 59.071938
10 524289 0.601371
1000 8193 2.990076
100 16385 0.265460
100 262145 3.366627
1000 8388609 2861.065712
100 524289 6.194103
100 2097153 21.755708
10 16385 0.027533
100 2097153 21.696331
1000 1048577 401.344832
10 4097 0.008282
10 8193 0.008483
10 65537 0.104281
100 32769 0.331880
100 8193 0.114116
10 129 0.000583
10000 65537 3952.991965
10 524289 0.745541
10 257 0.000625
100 131073 0.965913
10 1048577 1.338918
100 4097 0.066479
1000 1048577 383.921182
100 131073 1.292875
10 257 0.001029
100 262145 2.651518
10 8193 0.011117
100 524289 8.426200
10 4097 0.008530
10 65537 0.108262
100 1048577 10.477717
10 524289 0.554592
10 4097 0.008421
10 8193 0.013899
1000 262145 117.504776
10 524289 0.672035
100 8193 0.091101
100 4097 0.045913
10 16385 0.021859
100 8193 0.059443
100 4097 0.057634
10000 524289 28989.711650
10 16385 0.025663
10 8193 0.011472
10 16385 0.033793
100 1048577 10.135920
100 2049 0.030982
100 16385 0.223547
100 524289 5.134302
10 1025 0.002395
10 8193 0.011649
100 8193 0.098850
10 16385 0.022341
10 524289 0.662524
10 16385 0.033819
100 16385 0.222161
10000 262145 14620.127423
100 262145 4.242118
10 1048577 1.324234
10 1048577 2.115492
100 2049 0.033275
10 2097153 2.724100
100 65537 1.062939
10 8193 0.016751
10 8193 0.011606
100 16385 0.167065
1000 524289 233.932916
10 262145 0.531985
1000 262145 99.694315
10000 16385 927.663708
10 262145 0.334799
100 8388609 108.661228
10 8193 0.013120
10 2097153 4.202274
1000 65537 23.661879
10 1048577 1.321460
10 129 0.000514
100 2097153 21.647217
10 1048577 1.350310
10 2097153 4.250168
100 8193 0.115627
100 1048577 10.834581
100 2097153 17.068861
100 32769 0.362169
1000 16385 5.685304
10 524289 0.677860
10000 524289 14645.200105
100 32769 0.525997
1000 8193 2.675217
10 257 0.000614
100 4097 0.057300
10 1025 0.002515
100 65537 0.499981
100 4097 0.049228
10 1025 0.002091
1000 65537 23.657636
10000 65537 3236.707968
10 1048577 1.416046
10 524289 0.670678
100 4097 0.057341
10 8193 0.014737
10 2097153 2.103705
10 16385 0.033064
10 524289 0.665272
100 4097 0.052680
10 8193 0.013126
100 8193 0.096949
10 131073 0.175630
100 2049 0.032074
10 8193 0.011755
1000 2097153 791.999351
1000 2097153 1055.369975
100 513 0.008385
1000 131073 45.310986
100 8193 0.113104
100 4194305 46.253615
100 129 0.003996
100 8388609 64.098433
10 8193 0.016616
100 524289 4.669988
100 65537 1.063327
1000 1048577 405.792604
10 32769 0.066174
10 513 0.001672
10 4097 0.008322
10 262145 0.543054
10 131073 0.184622
10 32769 0.053995
100 32769 0.403249
100 2097153 34.009741
10 32769 0.054052
100 16385 0.181636
10 513 0.001489
10 1048577 1.047274
1000 8193 3.158712
100 8193 0.111637
10 2049 0.004213
1000 8193 3.232991
10000 131073 6328.581979
1000 8193 3.628479
10 262145 0.318999
10000 65537 1967.443308
10 2049 0.005579
100 524289 5.420683
100 129 0.001140
10 4097 0.008382
10000 8193 470.732396
100 131073 0.945822
100 8193 0.111020
10 8193 0.014669
100 32769 0.376438
10 4097 0.006127
10 131073 0.267174
100 129 0.002001
10000 262145 14510.687106
10 524289 0.665767
10 2049 0.004658
10000 32769 1835.328718
10 32769 0.067586
100 1048577 7.397603
10000 524289 15776.306017
10 4097 0.007253
10 65537 0.085184
10 16385 0.023257
100 262145 2.517272
10 8193 0.010941
10 32769 0.049181
100 131073 1.553654
10 262145 0.329255
10 4097 0.005630
10 32769 0.054254
10 1048577 2.106344
100 262145 2.758581
10 8388609 9.597403
10 524289 0.787934
100 524289 5.801444
10 16777217 33.631983
10 2049 0.005592
100 32769 0.540053
100 1048577 11.046084
10 4097 0.004296
10 257 0.000574
10 8193 0.013847
100 524289 8.427594
10 16385 0.023157
100 1048577 11.205162
100 16385 0.186971
100 2097153 27.553231
100 4097 0.052641
10 2049 0.004618
10000 16385 515.417588
100 524289 5.089400
10 524289 1.064847
10 2097153 2.709835
100 8193 0.103162
100 4097 0.068748
10000 131073 6403.107208
1000 1048577 393.974917
10 524289 0.660531
100 2049 0.022313
10 4097 0.008559
100 2097153 20.041409
10 262145 0.402710
1000 32769 14.439775
10 16385 0.033309
10 2097153 2.674231
10 8193 0.011750
10 2049 0.003911
10 1048577 2.103980
100 524289 8.420306
100 8193 0.092955
10000 8193 410.936794
1000 16777217 6072.693173
100 524289 5.581039
100 8193 0.114738
100 131073 2.203390
100 4194305 47.070203
10 524289 1.071753
10 32769 0.043335
100 32769 0.320377
10 4097 0.008463
10000 1025 31.073243
100 16385 0.182998
100 131073 1.007729
10000 65537 3736.171231
10 16385 0.027259
1000 1025 0.337791
100 2097153 33.541778
1000 65537 115.006186
1000 131073 100.413141
1000 16385 6.020422
100 16385 0.222381
100 1048577 9.999688
100 1048577 16.819429
10 8193 0.014478
10000 65537 1886.306043
10 8193 0.016445
100 1048577 9.957172
1000 8193 7.563592
100 16385 0.137933
100 1048577 16.935205
100 129 0.001941
100 524289 5.332539
10 1048577 1.329408
10 16385 0.021979
100 2097153 33.567555
100 1048577 11.614886
100 16385 0.203659
10 524289 1.051784
10 2049 0.004273
1000 32769 13.200079
10 1048577 0.980737
10 1048577 1.332840
100 8193 0.099458
10 524289 0.635838
10 524289 0.663558
10 16777217 25.687617
10 16385 0.033170
100 4097 0.034598
100 524289 4.276254
10 513 0.001101
10000 131073 6278.650410
100 2097153 20.159547
1000 1048577 398.343029
10 262145 0.335336
10 524289 0.671467
100 131073 1.380859
100 2097153 33.869081
1000 257 0.116378
10000 8193 246.913759
1000 16777217 5671.736442
10 131073 0.166265
10 16385 0.023645
1000 1048577 365.348474
10 8193 0.014263
10 524289 0.665028
100 1025 0.016595
100 16385 0.224412
100 513 0.011462
100 16385 0.227201
1000 16385 5.809140
10000 65537 1999.253822
10 262145 0.332773
10 1048577 1.247223
10 4097 0.007294
100 8193 0.131592
100 4097 0.041819
100 8193 0.093169
1000 1048577 360.411387
100 513 0.011095
100 2097153 24.385359
100 8193 0.092327
10 1025 0.003812
100 4194305 40.776612
100 524289 5.309930
10 1025 0.004037
10000 65537 3680.577283
100 262145 4.220120
10 16777217 16.237507
10 524289 1.089105
100 32769 0.343819
10 129 0.000600
100 2097153 14.727009
100 16777217 123.679872
10 16385 0.022554
100 2097153 22.212261
10 1048577 2.124861
100 129 0.001520
10000 8193 262.651671
100 16385 0.223794
10 262145 0.356826
10 8193 0.013773
10 2097153 2.540492
10 8388609 11.303241
100 1048577 10.292358
100 1048577 16.811153
100 524289 5.634496
10 8193 0.013738
1000 131073 47.958102
10000 1048577 31418.279395
100 8193 0.133184
10 524289 0.625679
10 4097 0.006802
100 524289 8.480060
100 524289 5.162444
10 8193 0.014135
100 524289 8.431673
10 2097153 4.176074
100 2097153 22.095583
100 8193 0.101258
10 1048577 1.251008
100 524289 4.287298
1000 4194305 2021.212438
10 524289 0.528793
100 2097153 20.023629
10 4097 0.008405
100 1048577 16.955609
1000 65537 25.905021
10000 4097 227.461532
100 1048577 16.813591
10 524289 0.685316
1000 16385 10.435191
10 524289 0.669415
1000 32769 14.731116
10000 16385 523.015227
100 262145 2.118458
10 16777217 16.277558
10 8193 0.008409
10000 16385 788.847403
1000 4097 3.006632
100 1048577 10.199271
100 16385 0.203310
100 2049 0.033874
10 2097153 3.335259
10000 1025 51.156791
10000 131073 3927.539851
100 8193 0.132464
10 8193 0.011268
100 1025 0.017395
10 1048577 2.092980
10000 8193 403.464836
100 65537 0.668274
100 65537 1.055091
10 131073 0.169593
100 8193 0.069254
100 129 0.003212
1000 8388609 2803.636845
100 16385 0.183771
100 524289 5.227545
100 257 0.007951
10000 131073 4034.394640
100 4097 0.045532
100 65537 0.503871
10 524289 1.064951
10 16385 0.017039
10 262145 0.540560
1000 524289 202.801710
10 4097 0.005640
100 262145 4.214386
100 4097 0.066282
10 524289 0.664001
10 8193 0.008291
10 262145 0.428512
10000 8193 262.485849
100 16385 0.265737
100 16385 0.194339
100 16385 0.166455
10 32769 0.066437
10 8193 0.014289
10 2049 0.004743
100 524289 8.447577
10 65537 0.109344
100 2049 0.031634
10 1048577 1.049625
10 262145 0.528106
100 262145 2.712284
100 524289 8.437817
100 8193 0.096291
100 129 0.004113
100 16385 0.177057
100 1048577 11.004489
10 65537 0.108180
10 8193 0.011008
10 1048577 2.176676
100 2049 0.024593
10 2097153 2.838748
100 65537 0.539539
10 16385 0.027399
10 513 0.001647
10000 65537 1992.955894
10 8388609 13.524399
100 131073 1.354706
10 8388609 12.847271
10 4097 0.005469
10 65537 0.086788
100 513 0.004391
100 8193 0.083440
10 262145 0.532844
10000 262145 12197.678277
100 1025 0.015676
10 2097153 1.958770
100 32769 0.449829
100 1048577 16.869000
100 4097 0.048412
100 1048577 8.538129
10000 16385 818.986554
100 1048577 13.439703
10 257 0.001111
100 1025 0.018233
100 1048577 7.511876
10 8193 0.017565
100 8193 0.091692
10 8193 0.011024
100 8388609 136.613916
100 8193 0.112226
1000 2049 0.782385
100 524289 5.440566
1000 131073 51.427191
100 131073 1.007266
100 1048577 11.962473
10000 1048577 31241.921047
10 1048577 1.362218
10000 131073 7487.021287
10 4097 0.007638
100 8193 0.131858
10 2049 0.003224
100 1025 0.018666
10000 524289 29771.507774
10 16385 0.027822
1000 1048577 468.401281
100 4097 0.059575
10 4194305 6.066966
10 2049 0.005197
10 33554433 67.496688
10 4097 0.008592
100 2097153 20.499739
100 2097153 21.786671
100 8193 0.114515
100 4097 0.066601
100 524289 8.421029
100 4097 0.067010
100 4097 0.048333
10000 1048577 31450.352528
100 8193 0.115978
10 4097 0.008679
1000 16385 5.616143
10 16385 0.021984
100 8193 0.132783
10 1048577 2.227765
10 262145 0.332093
100 1025 0.017810
10 16385 0.022300
100 1048577 10.821175
100 8388609 74.989660
10000 8193 470.316967
100 8193 0.111131
100 4097 0.047344
10 1048577 0.987253
1000 131073 49.611407
100 16385 0.220588
100 262145 2.734662
10000 131073 6359.319226
10000 257 14.745746
100 8193 0.076087
100 16385 0.267008
1000 16385 6.116685
10 16385 0.021809
100 8193 0.131528
10 8193 0.014040
100 8193 0.112303
100 524289 5.050997
100 32769 0.404942
10000 524289 15772.273821
10 2097153 2.679976
10000 1048577 31734.819193
1000 8193 2.797699
100 8193 0.088636
10 262145 0.323305
100 65537 0.760682
100 262145 2.964712
1000 8388609 2845.306716
1000 131073 51.373748
100 8388609 105.299069
10 32769 0.044833
100 513 0.009835
1000 1048577 357.942138
1000 16777217 6246.523126
10 524289 1.046536
10000 2049 103.036816
10 524289 0.531438
10 4097 0.004265
10 8193 0.017230
10000 131073 3960.241799
1000 524289 182.352351
1000 8388609 3731.055586
1000 8388609 4073.453261
100 524289 3.837661
10 1048577 1.247888
100 257 0.004293
1000 16777217 5589.149002
10 32769 0.050502
10 1048577 1.322667
100 524289 5.141007
100 262145 2.596885
10 8388609 16.885608
10 16777217 26.628623
10 8193 0.016603
10000 524289 24152.395761
10 1048577 1.423847
10 32769 0.045489
100 16777217 210.835049
100 262145 2.906359
1000 16777217 6327.061326
100 4097 0.048184
10 65537 0.095649
100 65537 1.071407
100 65537 0.607962
100 2049 0.027649
1000 131073 42.623549
10 16385 0.025127
100 8193 0.091260
10 8193 0.016762
10 1048577 1.325802
100 1048577 11.002135
10 8193 0.009601
10 16385 0.027306
100 8193 0.085039
10 8193 0.011114
10 1048577 1.461770
1000 524289 363.649616
10 8193 0.013965
100 8193 0.094640
10 524289 1.058604
10 16385 0.027369
100 16385 0.181167
100 33554433 545.511772
1000 8193 2.953319
10 524289 0.671307
10 4097 0.008395
1000 8388609 2773.468853
100 262145 2.501112
100 131073 1.667242
100 1048577 10.843440
100 16385 0.237223
10 8193 0.016622
10 65537 0.077517
1000 524289 179.696943
100 8193 0.135792
1000 1048577 342.726827
1000 8388609 3101.265558
100 32769 0.533841
100 4097 0.034827
100 8388609 136.399093
100 1048577 16.850018
100 16385 0.173876
100 2049 0.033450
10 257 0.000719
10 524289 0.698827
10 8193 0.011345
100 8193 0.111919
100 16385 0.188114
100 65537 0.771283
10 1025 0.003475
100 1025 0.017135
100 8193 0.089270
100 16777217 129.045608
10 1025 0.001949
10 524289 1.072259
10 1025 0.002533
100 65537 0.808306
100 1048577 10.083694
100 2097153 24.466494
10 513 0.000576
100 8388609 105.869642
100 257 0.006127
100 524289 5.849410
10 1048577 1.342531
10 8193 0.017923
100 2097153 17.092750
1000 1025 0.403473
10 2097153 2.637417
10 16385 0.032833
10000 16385 515.563546
10 4097 0.008123
100 1025 0.016486
10 8388609 8.182553
10 2097153 3.232972
10 8193 0.014609
100 16385 0.222916
100 1048577 11.887952
10 16385 0.027594
10 16385 0.027211
100 524289 8.384687
10 16385 0.024078
100 4097 0.059084
100 16385 0.182718
100 8193 0.132774
10 2097153 4.199445
100 8193 0.113911
100 1048577 10.166290
10 16385 0.027557
100 8388609 60.464363
10 8193 0.011364
10 65537 0.131459
10 1048577 2.101705
100 65537 0.708412
10 16385 0.026334
1000 65537 102.535340
10 2097153 4.344682
10 129 0.000565
10 8388609 16.969073
1000 8193 3.374445
10 16385 0.034844
100 4097 0.046371
10 4097 0.005545
100 1048577 10.995963
10 2097153 2.923483
10 8388609 8.402188
10 1048577 1.606315
100 262145 2.666385
10000 131073 4015.166915
100 524289 5.019294
100 2097153 22.029660
100 32769 0.415153
10 2097153 3.183188
10 32769 0.054815
1000 8388609 3076.238409
10 2097153 4.250857
100 8388609 107.300373
10000 8193 287.221212
1000 8193 3.155009
100 524289 5.008341
100 16385 0.223833
100 1048577 11.069325
100 8193 0.132641
10 524289 1.057776
100 524289 5.465457
10 1025 0.001943
10000 4097 364.135178
100 524289 8.444913
100 262145 4.241870
10 2049 0.003803
100 2097153 23.463210
100 16385 0.265202
100 16777217 123.857291
100 4194305 69.435962
100 2049 0.026928
10 8193 0.014306
10 8193 0.011755
1000 16777217 5669.802680
10 262145 0.533638
1000 33554433 14780.280726
100 1048577 7.607824
10 2097153 2.106526
1000 8388609 3158.017814
100 1048577 16.895015
10 1048577 2.107981
1000 524289 183.162176
100 65537 0.678052
10 1048577 1.541861
10 524289 1.074165
10 32769 0.042057
10 32769 0.042176
10000 1048577 31479.320730
10 16385 0.027144
10 16385 0.022304
10 1048577 1.332114
100 4097 0.046919
10 1048577 1.329914
10 131073 0.267668
100 524289 5.894653
10 4194305 5.373986
10 524289 0.661546
1000 262145 117.877196
100 1048577 9.953640
10000 8193 400.617821
100 131073 1.660657
100 16777217 212.060909
10000 8193 395.390153
10 1048577 0.981869
100 2049 0.023440
100 1048577 8.573595
10 524289 0.747057
10000 32769 1608.263765
10 8193 0.013989
100 2097153 33.691574
10 4097 0.008641
100 8193 0.067627
10 4097 0.006109
100 131073 3.269129
100 524289 4.843295
1000 16777217 5516.800207
10 262145 0.528203
1000 8193 3.997458
1000 1048577 465.196304
10 16385 0.034711
10 524289 0.669788
10 129 0.000468
10 65537 0.066940
10 16385 0.027609
100 16777217 128.028701
10 65537 0.083690
10 8193 0.012100
10000 8193 246.912605
10 2097153 2.697639
10 2097153 2.936010
100 1048577 10.058937
100 8193 0.099885
1000 1048577 357.638690
10000 131073 6379.924827
100 65537 0.678520
100 8193 0.132177
10 524289 0.786655
100 8388609 63.893668
10 16385 0.026379
1000 131073 51.146375
100 4097 0.067896
100 257 0.006102
10 524289 1.065540
100 1048577 11.601343
1000 131073 63.379167
1000 65537 26.860811
1000 4097 1.817666
10 129 0.000304
100 32769 0.276058
10 2097153 4.237031
100 1048577 10.458901
10 16385 0.032898
100 1048577 9.935085
10 4194305 5.858779
100 4097 0.067270
10 8193 0.013859
10 2049 0.004183
100 16385 0.266995
10 1048577 1.333170
10 16385 0.022183
10 16777217 16.937604
10 131073 0.168957
10 16385 0.016947
100 16777217 212.242795
100 16385 0.269126
10 32769 0.066690
100 8193 0.132898
100 2097153 33.977853
10 1048577 1.413881
10 1048577 1.326879
100 1048577 11.023223
100 16385 0.183303
100 8193 0.093430
100 4097 0.041681
100 131073 1.336357
100 8193 0.112719
10 1048577 1.336016
10000 131073 4025.226532
10 2097153 2.655666
